10000000000000000000000000
10000000000000010000000000
10000000000000100000000000
10000000000000110000000000
10000000010000000000000000
10000000010000010000000000
10000000010000100000000000
10000000010000110000000000
10000000100000000000000000
10000000100000010000000000
10000000100000100000000000
10000000100000110000000000
10000000110000000000000000
10000000110000010000000000
10000000110000100000000000
10000000110000110000000000
10000001000000000000000000
10000001000000010000000000
10000001000000100000000000
10000001000000110000000000
10000001010000000000000000
10000001010000010000000000
10000001010000100000000000
10000001010000110000000000
10000001100000000000000000
10000001100000010000000000
10000001100000100000000000
10000001100000110000000000
10000000000000000000000000
01000000000000000010111000
10000000000000000010111000
01000001110000000011001100
10000001110000000000000000